# Troff ASCII font table - apl
# Copyright 1986 - MIPS Computer Systems
# $Header: ftap,v 1.1.2.1 89/11/26 14:11:32 wje Exp $
12
10
10
9
16
16
13
16
22
23
16
17
8
17
8
17
82
82
82
82
82
82
82
82
82
82
16
21
17
18
21
17
23
91
80
82
74
78
80
82
82
77
73
72
86
70
80
82
80
78
80
74
89
81
82
0
86
81
86
14
0
14
0
17
23
87
89
86
90
89
90
89
95
81
85
93
86
98
91
87
90
87
89
85
87
90
90
99
91
90
89
22
22
27
0
6
17
18
16
18
9
25
18
18
0
9
9
10
0
0
0
0
0
0
0
0
0
0
3
0
0
0
0
0
0
0
0
0
0
0
0
0
0
0
0
0
0
0
0
0
0
0
0
0
0
0
0
0
0
0
0
0
0
0
0
0
0
0
0
0
0
0
0
0
0
0
0
0
0
0
0
0
0
0
0
0
0
0
0
0
0
0
0
0
0
0
0
0
0
0
18
22
0
25
