# Troff ASCII font table - times bold
# Copyright 1986 - MIPS Computer Systems
# $Header: ftB,v 1.1.2.1 89/11/26 14:08:23 wje Exp $
12
13
21
23
22
27
30
13
16
16
18
29
13
12
13
26
150
150
150
150
150
150
150
150
150
150
13
13
27
29
27
22
30
151
154
153
154
153
151
155
157
142
147
154
150
159
157
154
154
218
154
151
151
157
151
157
151
154
151
16
19
16
25
0
13
22
151
22
151
22
144
86
154
141
206
153
141
39
26
22
87
86
19
19
145
26
21
27
22
86
21
16
9
16
27
6
12
9
9
29
29
0
0
0
25
25
25
26
38
38
16
18
0
10
0
0
0
0
3
