# Troff ASCII font table - Basker bold
# Copyright 1986 - MIPS Computer Systems
# $Header: ftbb,v 1.1.2.1 89/11/26 14:11:38 wje Exp $
12
6
12
15
15
16
25
6
10
9
13
14
6
10
8
11
79
77
79
79
81
80
79
79
80
79
8
6
13
13
13
11
22
88
85
87
89
85
83
88
90
78
79
90
85
93
89
89
86
90
89
82
88
90
89
96
89
88
85
11
15
11
0
19
6
80
82
79
81
78
79
82
82
75
77
82
74
92
83
80
83
82
77
77
76
82
82
88
83
82
78
12
6
12
17
6
10
17
16
13
22
19
16
16
18
16
24
22
0
0
14
0
0
0
0
0
0
0
3
0
0
0
0
0
0
0
0
0
0
0
0
0
0
0
0
0
0
0
0
0
0
0
0
0
0
0
0
0
0
0
0
0
0
0
0
0
0
0
0
0
0
0
0
0
0
0
0
0
0
0
0
0
0
0
0
0
0
0
0
0
0
0
0
0
0
0
0
0
0
0
16
27
0
19
