# Troff ASCII font table - boston condensed
# Copyright 1986 - MIPS Computer Systems
# $Header: ftBC,v 1.1.2.1 89/11/26 14:08:29 wje Exp $
12
11
0
0
15
19
19
7
8
8
14
27
7
11
7
14
143
143
143
143
143
143
143
143
143
143
11
11
0
27
0
17
0
144
144
144
145
141
141
145
145
136
141
143
141
152
146
145
143
209
144
143
142
145
143
151
143
142
141
12
0
12
0
0
7
13
141
12
141
13
137
77
141
135
199
140
135
20
13
13
77
77
8
11
136
13
11
19
10
76
9
0
2
0
0
6
11
27
27
36
18
19
19
19
27
17
17
18
26
26
13
17
0
10
0
0
0
0
3
0
0
0
0
0
0
0
0
0
0
0
0
0
0
0
0
0
0
0
0
0
0
0
0
0
0
0
0
0
0
0
0
0
0
0
0
0
0
0
0
0
0
0
0
0
0
0
0
0
0
0
0
0
0
0
0
0
0
0
0
0
0
0
0
0
0
0
0
0
0
20
20
0
15
