# Troff ASCII font table - Basker italics
# Copyright 1986 - MIPS Computer Systems
# $Header: ftbi,v 1.1.2.1 89/11/26 14:11:43 wje Exp $
12
12
12
18
19
17
28
8
12
12
15
14
11
10
6
11
82
77
82
83
80
82
82
79
82
79
6
10
16
18
16
12
21
86
86
85
89
87
88
87
93
77
87
90
86
96
94
87
88
87
89
83
87
88
86
96
89
85
83
17
15
17
0
15
8
80
77
76
82
77
76
80
80
74
75
80
74
87
82
77
82
79
77
77
75
82
79
86
80
78
78
12
6
12
18
6
10
18
17
13
22
18
15
15
19
15
25
23
0
0
16
18
0
0
0
0
0
0
3
0
0
0
0
0
0
0
0
0
0
0
0
0
0
0
0
0
0
0
0
0
0
0
0
0
0
0
0
0
0
0
0
0
0
0
0
0
0
0
0
0
0
0
0
0
0
0
0
0
0
0
0
0
0
0
0
0
0
0
0
0
0
0
0
0
0
0
0
0
0
0
17
26
0
18
