# Troff ASCII font table - Basker Roman
# Copyright 1986 - MIPS Computer Systems
# $Header: ftbr,v 1.1.2.1 89/11/26 14:11:54 wje Exp $
12
6
12
15
15
17
23
6
10
10
13
14
6
11
6
11
79
74
80
78
80
78
80
78
80
79
6
6
16
16
16
12
17
88
88
88
89
86
83
90
91
76
80
91
86
95
90
92
86
91
88
82
89
90
91
97
91
88
83
10
11
10
21
15
5
80
82
77
82
78
78
81
83
74
76
81
73
90
82
80
82
80
77
76
74
82
82
87
82
79
78
12
6
11
21
6
11
17
17
17
23
18
14
14
18
15
17
17
0
0
15
17
0
0
0
0
0
0
3
0
0
0
0
0
0
0
0
0
0
0
0
0
0
0
0
0
0
0
0
0
0
0
0
0
0
0
0
0
0
0
0
0
0
0
0
0
0
0
0
0
0
0
0
0
0
0
0
0
0
0
0
0
0
0
0
0
0
0
0
0
0
0
0
0
0
0
0
0
0
0
16
27
0
18
