# Troff ASCII font table - news condensed
# Copyright 1986 - MIPS Computer Systems
# $Header: ftC,v 1.1.2.1 89/11/26 14:08:35 wje Exp $
12
8
0
0
16
24
23
8
11
11
14
27
8
10
8
18
144
144
144
144
144
144
144
144
144
144
8
8
0
27
0
14
0
147
145
145
145
143
143
146
145
136
141
145
143
150
146
146
144
210
145
145
145
145
145
152
144
145
143
10
0
10
0
0
8
14
143
14
143
14
139
78
142
136
200
142
136
22
14
15
79
79
10
14
140
14
14
20
13
78
12
0
5
0
0
6
10
27
36
36
18
24
24
24
27
18
18
20
18
19
15
19
0
9
0
0
0
0
3
