# Troff ASCII font table - Computer Modern bold
# Copyright 1986 - MIPS Computer Systems
# $Header: ftcb,v 1.1.2.1 89/11/26 14:12:00 wje Exp $
12
12
19
8
29
38
31
12
13
13
19
40
12
13
12
19
147
147
147
147
147
147
147
147
147
147
12
12
40
40
40
16
31
157
154
157
159
154
154
159
157
141
147
159
154
163
159
159
154
223
159
150
157
157
157
168
157
157
153
12
19
12
19
40
12
19
150
18
150
18
141
83
150
140
205
150
140
32
22
19
86
83
16
16
144
22
21
29
22
85
18
22
22
22
32
6
13
31
29
29
29
19
19
19
25
32
31
25
31
29
12
13
0
19
0
0
0
0
3
0
0
0
0
0
0
0
0
0
0
0
0
0
0
0
0
0
0
0
0
0
0
0
0
0
0
0
0
0
0
0
0
0
0
0
0
0
0
0
0
0
0
0
0
0
0
0
0
0
0
0
0
0
0
0
0
0
0
0
0
0
0
0
0
0
0
0
0
0
0
0
19
19
0
19
