# Troff ASCII font table - century schoolbook expanded
# Copyright 1986 - MIPS Computer Systems
# $Header: ftCE,v 1.1.2.1 89/11/26 14:08:40 wje Exp $
12
13
0
20
18
24
27
9
15
15
16
27
9
14
9
12
146
146
146
146
146
146
146
146
146
146
13
13
0
27
0
19
30
156
153
153
155
154
153
154
157
143
148
156
153
160
157
153
152
218
154
150
152
156
156
164
155
155
152
12
0
12
0
0
9
18
147
16
147
17
141
84
147
138
204
148
138
29
19
17
83
83
16
15
142
19
19
27
19
84
17
0
5
0
0
6
14
27
27
36
18
24
24
24
27
20
20
22
30
30
13
18
0
8
0
0
0
0
3
0
0
0
0
0
0
0
0
0
0
0
0
0
0
0
0
0
0
0
0
0
0
0
0
0
0
0
0
0
0
0
0
0
0
0
0
0
0
0
0
0
0
0
0
0
0
0
0
0
0
0
0
0
0
0
0
0
0
0
0
0
0
0
0
0
0
0
0
0
0
20
20
0
18
