# Troff ASCII font table - Computer Modern italics
# Copyright 1986 - MIPS Computer Systems
# $Header: ftci,v 1.1.2.1 89/11/26 14:12:11 wje Exp $
12
12
19
17
26
23
29
12
13
13
19
40
12
13
12
19
147
147
147
147
211
147
147
147
147
147
12
12
40
40
40
19
17
157
157
157
160
157
154
159
160
145
150
163
154
168
162
158
153
223
159
151
151
155
151
162
160
150
154
12
0
12
0
0
12
21
146
17
149
17
211
82
151
142
209
149
140
35
25
21
85
83
17
18
142
23
19
29
22
83
18
26
25
29
23
6
13
23
26
31
32
21
18
14
27
32
29
25
26
27
23
22
0
22
0
0
0
0
3
0
0
0
0
0
0
0
0
0
0
0
0
0
0
0
0
0
0
0
0
0
0
0
0
0
0
0
0
0
0
0
0
0
0
0
0
0
0
0
0
0
0
0
0
0
0
0
0
0
0
0
0
0
0
0
0
0
0
0
0
0
0
0
0
0
0
0
0
0
0
0
17
17
0
13
