# Troff ASCII font table - century bold italic
# Copyright 1986 - MIPS Computer Systems
# $Header: ftCK,v 1.1.2.1 89/11/26 14:08:51 wje Exp $
12
14
0
0
19
31
30
10
18
18
18
27
10
14
10
11
147
147
147
147
147
147
147
147
147
147
13
13
0
27
0
21
0
155
155
153
156
154
152
155
157
143
148
157
153
159
155
155
154
220
157
150
153
156
153
163
154
155
152
14
0
14
0
0
10
21
147
18
148
18
142
83
149
140
205
149
141
30
21
19
84
84
15
16
142
21
19
27
22
84
17
0
5
0
0
6
14
27
27
36
18
31
31
31
27
23
23
22
19
33
15
19
0
8
0
0
0
0
3
0
0
0
0
0
0
0
0
0
0
0
0
0
0
0
0
0
0
0
0
0
0
0
0
0
0
0
0
0
0
0
0
0
0
0
0
0
0
0
0
0
0
0
0
0
0
0
0
0
0
0
0
0
0
0
0
0
0
0
0
0
0
0
0
0
0
0
0
0
0
23
23
0
19
