# Troff ASCII font table - Claredon
# Copyright 1986 - MIPS Computer Systems
# $Header: ftcl,v 1.1.2.1 89/11/26 14:12:16 wje Exp $
12
0
14
18
23
17
18
9
18
18
0
17
12
14
12
15
152
146
152
149
152
150
151
151
150
151
12
12
0
18
0
20
0
158
155
152
157
155
154
157
158
145
149
155
154
164
157
157
154
221
157
151
154
155
154
165
158
155
154
14
15
14
0
19
9
22
151
17
151
19
145
87
154
142
206
155
142
30
22
18
88
88
20
18
144
22
22
32
21
88
21
0
7
0
0
6
14
0
0
0
0
29
0
0
0
0
30
0
0
0
0
0
0
0
0
0
0
0
3
0
0
0
0
0
0
0
0
0
0
0
0
0
0
0
0
0
0
0
0
0
0
0
0
0
0
0
0
0
0
0
0
0
0
0
0
0
0
0
0
0
0
0
0
0
0
0
0
0
0
0
0
0
0
0
0
0
0
0
0
0
0
0
0
0
0
0
0
0
0
0
0
0
0
29
