# Troff ASCII font table - constant width courier
# Copyright 1986 - MIPS Computer Systems
# $Header: ftCW,v 1.1.2.1 89/11/26 14:08:57 wje Exp $
12
33
0
0
33
33
33
33
33
33
33
33
33
33
33
33
161
161
161
161
161
161
161
161
161
161
33
33
0
33
0
33
0
161
161
161
161
161
161
161
161
161
161
161
161
161
161
161
161
225
161
161
161
161
161
161
161
161
161
33
0
33
0
0
33
33
161
33
161
33
161
97
161
161
225
161
161
33
33
33
97
97
33
33
161
33
33
33
33
97
33
0
33
0
0
6
33
33
33
33
33
33
33
33
33
33
33
33
33
33
33
33
0
33
0
0
0
0
3
0
0
0
0
0
0
0
0
0
0
0
0
0
0
0
0
0
0
0
0
0
0
0
0
0
0
0
0
0
0
0
0
0
0
0
0
0
0
0
0
0
0
0
0
0
0
0
0
0
0
0
0
0
0
0
0
0
0
0
0
0
0
0
0
0
0
0
0
0
0
33
33
0
33
