# Troff ASCII font table - Delegate Roman
# Copyright 1986 - MIPS Computer Systems
# $Header: ftdr,v 1.1.2.1 89/11/26 14:12:55 wje Exp $
12
18
18
18
18
18
18
18
18
18
18
18
18
18
18
18
82
82
82
82
82
82
82
82
82
82
18
18
18
18
18
18
18
82
82
82
82
82
82
82
82
82
82
82
82
82
82
82
82
82
82
82
82
82
82
82
82
82
82
18
18
18
18
18
18
82
82
82
82
82
82
82
82
82
82
82
82
82
82
82
82
82
82
82
82
82
82
82
82
82
82
18
18
18
18
6
18
18
18
18
18
18
18
18
18
18
18
18
18
18
18
18
0
0
0
0
0
0
3
0
0
0
0
0
0
0
0
0
0
0
0
0
0
0
0
0
0
0
0
0
0
0
0
0
0
0
0
0
0
0
0
0
0
0
0
0
0
0
0
0
0
0
0
0
0
0
0
0
0
0
0
0
0
0
0
0
0
0
0
0
0
0
0
0
0
0
0
0
0
0
18
18
0
18
