# Troff ASCII font table - fix
# Copyright 1986 - MIPS Computer Systems
# $Header: ftfx,v 1.1.2.1 89/11/26 14:13:00 wje Exp $
12
21
21
21
21
21
21
21
21
21
21
21
21
21
21
21
85
85
85
85
85
85
85
85
85
85
21
21
21
21
21
21
21
85
85
85
85
85
85
85
85
85
85
85
85
85
85
85
85
85
85
85
85
85
85
85
85
85
85
21
21
21
21
21
21
85
85
85
85
85
85
85
85
85
85
85
85
85
85
85
85
85
85
85
85
85
85
85
85
85
85
21
21
21
21
6
21
21
21
21
21
21
21
21
21
21
21
21
21
21
21
21
0
21
0
0
0
0
3
0
0
0
0
0
0
0
0
0
0
0
0
0
0
0
0
0
0
0
0
0
0
0
0
0
0
0
0
0
0
0
0
0
0
0
0
0
0
0
0
0
0
0
0
0
0
0
0
0
0
0
0
0
0
0
0
0
0
0
0
0
0
0
0
0
0
0
0
0
0
0
21
21
0
21
