# Troff ASCII font table - geneva regular
# Copyright 1986 - MIPS Computer Systems
# $Header: ftG,v 1.1.2.1 89/11/26 14:09:07 wje Exp $
12
12
0
0
23
28
25
9
13
13
16
36
8
15
8
15
151
151
151
151
151
151
151
151
151
151
12
12
0
36
0
25
0
153
154
155
154
152
150
157
155
139
148
154
150
160
155
157
152
221
154
153
151
155
152
163
153
154
151
12
0
12
0
0
9
21
150
21
150
21
140
85
150
138
202
149
138
31
22
21
86
86
14
20
140
22
19
28
20
84
18
0
2
0
0
6
15
27
36
36
18
30
30
30
36
22
22
24
34
34
14
20
0
9
0
0
0
0
3
0
0
0
0
0
0
0
0
0
0
0
0
0
0
0
0
0
0
0
0
0
0
0
0
0
0
0
0
0
0
0
0
0
0
0
0
0
0
0
0
0
0
0
0
0
0
0
0
0
0
0
0
0
0
0
0
0
0
0
0
0
0
0
0
0
0
0
0
0
0
21
21
0
23
