# Troff ASCII font table - Graphics
# Copyright 1986 - MIPS Computer Systems
# $Header: ftgf,v 1.1.2.1 89/11/26 14:13:12 wje Exp $
12
15
15
15
15
15
15
15
15
15
15
15
15
15
15
15
143
207
207
207
207
207
207
207
207
207
15
15
15
15
15
15
15
207
207
207
207
207
207
207
207
207
207
207
207
207
207
207
207
207
207
207
207
207
207
207
207
207
207
15
15
15
15
15
15
15
207
79
207
79
207
79
207
207
207
143
207
79
79
79
79
79
79
79
207
79
79
79
79
79
79
15
15
15
15
6
15
15
15
15
15
15
15
15
15
15
15
15
15
15
15
15
0
15
0
0
0
0
3
0
0
0
0
0
0
0
0
0
0
0
0
0
0
0
0
0
0
0
0
0
0
0
0
0
0
0
0
0
0
0
0
0
0
0
0
0
0
0
0
0
0
0
0
0
0
0
0
0
0
0
0
0
0
0
0
0
0
0
0
0
0
0
0
0
0
0
0
0
0
0
15
15
0
15
