# Troff ASCII font table - text greek
# Copyright 1986 - MIPS Computer Systems
# $Header: ftGR,v 1.1.2.1 89/11/26 14:09:24 wje Exp $
12
0
0
0
20
0
20
10
16
16
0
0
10
15
10
0
148
148
128
128
128
128
128
128
128
148
11
14
0
20
0
20
0
151
154
156
156
155
158
152
151
144
148
157
156
161
158
154
153
222
157
155
153
157
149
152
157
161
153
28
0
0
0
0
10
23
153
18
147
17
152
85
151
140
210
149
149
24
20
19
85
85
24
24
145
19
15
24
23
88
17
0
0
0
0
6
15
0
0
0
38
19
16
0
17
30
29
34
20
17
0
20
0
10
0
0
0
0
3
0
0
0
0
0
0
0
0
0
0
0
0
0
0
0
0
0
0
0
0
0
0
0
0
0
0
0
0
0
0
0
0
0
0
0
0
0
0
0
0
0
0
0
0
0
0
0
0
0
0
0
0
0
0
0
0
0
0
0
0
0
0
0
0
0
0
0
0
0
0
0
0
0
20
