# Troff ASCII font table - hebrew
# Copyright 1986 - MIPS Computer Systems
# $Header: fthb,v 1.1.2.1 89/11/26 14:13:34 wje Exp $
12
13
9
0
0
14
15
8
9
11
0
15
11
11
11
0
11
10
11
11
11
11
11
11
11
11
11
11
14
0
15
15
0
79
15
15
15
79
142
11
15
78
79
15
142
15
9
136
14
79
15
16
16
8
8
15
16
7
8
9
0
11
0
0
12
79
143
0
0
0
78
0
0
71
0
15
142
15
70
0
14
0
0
144
0
0
15
15
0
14
0
0
10
0
0
6
11
15
0
0
0
0
0
0
3
0
15
0
0
0
0
0
0
0
0
0
0
0
3
0
0
0
0
0
0
0
0
0
0
0
0
0
0
0
0
0
0
0
0
0
0
0
0
0
0
0
0
0
0
0
0
0
0
0
0
0
0
0
0
0
0
0
0
0
0
0
0
0
0
0
0
0
0
0
0
0
0
0
0
0
0
0
0
0
0
0
0
0
0
0
15
