# Troff ASCII font table - geneva regular italic
# Copyright 1986 - MIPS Computer Systems
# $Header: ftHI,v 1.1.2.1 89/11/26 14:09:35 wje Exp $
13
13
0
0
23
30
26
9
13
13
15
36
8
14
8
11
151
151
151
151
151
151
151
151
151
151
12
12
0
36
0
24
0
153
153
156
154
151
149
157
154
139
148
153
150
159
155
157
151
221
154
153
150
154
152
161
153
152
151
12
0
12
0
0
9
21
150
21
150
21
140
86
150
138
202
148
138
32
22
22
86
86
13
20
140
22
19
28
20
83
18
0
2
0
0
6
14
27
36
36
18
30
30
30
36
22
22
24
34
34
14
20
0
9
0
0
0
0
3
0
0
0
0
0
0
0
0
0
0
0
0
0
0
0
0
0
0
0
0
0
0
0
0
0
0
0
0
0
0
0
0
0
0
0
0
0
0
0
0
0
0
0
0
0
0
0
0
0
0
0
0
0
0
0
0
0
0
0
0
0
0
0
0
0
0
0
0
0
0
21
21
0
23
