# Troff ASCII font table - geneva medium
# Copyright 1986 - MIPS Computer Systems
# $Header: ftHM,v 1.1.2.1 89/11/26 14:09:40 wje Exp $
14
14
0
0
25
29
27
10
15
15
17
27
10
17
10
17
153
153
153
153
153
153
153
153
153
153
14
14
0
27
0
27
0
155
155
157
156
152
151
157
155
140
150
155
151
160
156
158
153
222
154
154
152
155
154
163
154
153
153
16
0
16
0
0
10
22
151
22
151
22
142
87
150
139
203
150
139
32
22
23
87
87
15
21
142
22
20
30
21
85
20
0
2
0
0
7
17
27
27
36
18
32
32
32
27
24
24
28
38
38
14
23
0
9
0
0
0
0
3
0
0
0
0
0
0
0
0
0
0
0
0
0
0
0
0
0
0
0
0
0
0
0
0
0
0
0
0
0
0
0
0
0
0
0
0
0
0
0
0
0
0
0
0
0
0
0
0
0
0
0
0
0
0
0
0
0
0
0
0
0
0
0
0
0
0
0
0
0
0
21
21
0
25
