# Troff ASCII font table - times italic
# Copyright 1986 - MIPS Computer Systems
# $Header: ftI,v 1.1.2.1 89/11/26 14:09:46 wje Exp $
12
13
21
23
23
27
30
12
17
17
19
29
13
12
13
25
151
151
151
151
151
151
151
151
151
151
13
13
27
29
27
23
30
151
157
153
155
155
154
154
159
144
150
155
151
160
158
154
155
218
157
155
153
158
151
159
154
153
154
16
23
16
25
29
12
23
150
21
151
21
210
86
151
142
206
150
141
38
26
21
87
86
19
19
144
26
22
32
22
87
22
16
9
16
27
6
12
9
9
29
14
0
0
0
25
27
27
30
39
39
16
18
0
9
0
0
0
0
3
