# Troff ASCII font table - geneva light
# Copyright 1986 - MIPS Computer Systems
# $Header: ftL,v 1.1.2.1 89/11/26 14:09:51 wje Exp $
12
11
0
0
21
27
25
7
13
13
16
27
7
13
7
10
149
149
149
149
149
149
149
149
149
149
11
11
0
27
0
22
0
151
152
154
154
150
148
155
154
138
146
152
148
158
154
156
150
220
152
150
148
153
151
163
151
150
150
11
0
11
0
0
7
20
149
20
149
20
139
85
148
137
201
147
137
31
20
20
85
85
12
18
139
20
18
27
18
82
17
0
2
0
0
6
13
27
27
36
18
30
30
30
27
20
20
22
31
31
14
18
0
8
0
0
0
0
3
0
0
0
0
0
0
0
0
0
0
0
0
0
0
0
0
0
0
0
0
0
0
0
0
0
0
0
0
0
0
0
0
0
0
0
0
0
0
0
0
0
0
0
0
0
0
0
0
0
0
0
0
0
0
0
0
0
0
0
0
0
0
0
0
0
0
0
0
0
0
21
21
0
21
