# Troff ASCII font table - geneva light italic
# Copyright 1986 - MIPS Computer Systems
# $Header: ftLI,v 1.1.2.1 89/11/26 14:09:57 wje Exp $
12
12
0
0
21
27
26
7
13
13
15
36
7
13
7
7
149
149
149
149
149
149
149
149
149
149
11
11
0
36
0
24
0
152
153
155
154
150
148
156
154
138
147
153
149
158
154
156
151
220
152
151
149
153
150
160
150
150
150
11
0
11
0
0
7
21
150
20
150
20
140
86
149
137
201
148
137
31
21
21
86
86
13
19
140
21
18
27
19
82
18
0
2
0
0
6
13
27
27
36
18
27
27
27
36
21
21
24
33
33
14
20
0
8
0
0
0
0
3
0
0
0
0
0
0
0
0
0
0
0
0
0
0
0
0
0
0
0
0
0
0
0
0
0
0
0
0
0
0
0
0
0
0
0
0
0
0
0
0
0
0
0
0
0
0
0
0
0
0
0
0
0
0
0
0
0
0
0
0
0
0
0
0
0
0
0
0
0
0
21
21
0
21
