# Troff ASCII font table - microgramma
# Copyright 1986 - MIPS Computer Systems
# $Header: ftm,v 1.1.2.1 89/11/26 14:13:45 wje Exp $
12
9
14
21
26
26
26
9
12
12
19
19
9
17
9
17
90
77
89
89
89
89
89
89
89
89
9
9
21
17
21
26
26
89
89
90
90
89
89
90
90
74
87
89
87
96
89
90
89
91
90
90
90
90
93
100
90
90
89
13
17
13
0
36
9
85
86
85
86
85
80
86
86
73
76
82
73
94
85
86
86
86
80
86
78
86
83
96
83
83
82
14
9
14
21
6
17
21
19
16
16
22
19
19
22
21
29
26
1
1
18
1
0
1
0
0
0
0
3
0
0
0
0
0
0
0
0
0
0
0
0
0
0
0
0
0
0
0
0
0
0
0
0
0
0
0
0
0
0
0
0
0
0
0
0
0
0
0
0
0
0
0
0
0
0
0
0
0
0
0
0
0
0
0
0
0
0
0
0
0
0
0
0
0
0
0
0
0
0
0
19
30
0
22
