# Troff ASCII font table - Meteor Roman
# Copyright 1986 - MIPS Computer Systems
# $Header: ftmr,v 1.1.2.1 89/11/26 14:14:07 wje Exp $
12
9
17
30
25
31
31
9
16
16
18
22
12
19
12
19
89
89
89
89
89
89
89
89
89
89
12
12
22
21
22
23
25
90
89
87
89
87
86
90
93
78
85
93
87
102
93
89
87
89
89
85
89
93
93
107
95
90
85
17
22
17
17
43
0
83
86
83
86
83
82
86
90
78
80
90
78
99
89
85
86
86
82
81
80
90
89
102
90
89
82
22
12
22
25
6
19
0
0
0
0
0
0
0
0
0
0
0
0
0
0
0
0
0
0
0
0
0
3
0
0
0
0
0
0
0
0
0
0
0
0
0
0
0
0
0
0
0
0
0
0
0
0
0
0
0
0
0
0
0
0
0
0
0
0
0
0
0
0
0
0
0
0
0
0
0
0
0
0
0
0
0
0
0
0
0
0
0
0
0
0
0
0
0
0
0
0
0
0
0
41
0
0
22
