# Troff ASCII font table - Nonie bold
# Copyright 1986 - MIPS Computer Systems
# $Header: ftnb,v 1.1.2.1 89/11/26 14:14:13 wje Exp $
12
10
19
31
25
30
29
13
17
17
22
23
13
21
12
23
89
89
89
89
89
89
89
89
89
89
14
14
23
25
23
23
26
90
89
91
90
87
86
91
90
74
85
89
85
94
89
91
87
91
89
90
87
89
89
102
89
87
85
18
23
18
21
31
0
87
87
87
87
87
82
87
87
74
78
87
74
95
86
86
87
87
81
85
80
86
86
98
87
87
85
22
13
22
25
6
21
0
0
0
26
0
0
0
25
0
0
0
0
0
0
0
0
27
0
0
0
0
3
0
0
0
0
0
0
0
0
0
0
0
0
0
0
0
0
0
0
0
0
0
0
0
0
0
0
0
0
0
0
0
0
0
0
0
0
0
0
0
0
0
0
0
0
0
0
0
0
0
0
0
0
0
0
0
0
0
0
0
0
0
0
0
0
0
0
0
0
0
0
0
0
44
