# Troff ASCII font table - Nonie Roman
# Copyright 1986 - MIPS Computer Systems
# $Header: ftnr,v 1.1.2.1 89/11/26 14:14:24 wje Exp $
12
12
19
25
25
29
29
12
16
16
18
22
10
18
10
22
89
89
89
89
89
89
89
89
89
89
13
13
22
21
22
23
26
86
86
90
89
86
85
90
87
76
83
87
83
94
87
89
87
89
87
89
86
87
86
99
89
86
87
17
22
17
17
25
0
86
86
86
86
87
80
86
85
73
77
85
73
91
85
85
86
86
78
85
80
85
86
94
89
86
83
21
12
21
25
6
18
0
0
0
22
0
0
0
25
23
23
0
0
0
0
0
0
0
0
0
0
0
3
0
0
0
0
0
0
0
0
0
0
0
0
0
0
0
0
0
0
0
0
0
0
0
0
0
0
0
0
0
0
0
0
0
0
0
0
0
0
0
0
0
0
0
0
0
0
0
0
0
0
0
0
0
0
0
0
0
0
0
0
0
0
0
0
0
0
0
0
0
0
0
0
40
