# Troff ASCII font table - palatino
# Copyright 1986 - MIPS Computer Systems
# $Header: ftPA,v 1.1.2.1 89/11/26 14:10:02 wje Exp $
12
12
0
0
19
27
29
10
14
14
16
27
9
14
9
12
147
147
147
147
147
147
147
147
147
147
12
12
0
27
0
20
0
156
149
153
156
149
148
155
158
140
140
155
150
162
158
157
150
221
153
147
150
156
155
164
152
152
152
13
0
13
0
0
10
18
148
16
149
17
140
83
150
139
203
148
139
32
22
20
85
83
15
15
140
22
20
30
19
84
18
0
2
0
0
6
14
27
27
36
18
27
27
27
27
22
22
23
33
33
13
22
0
9
0
0
0
0
3
0
0
0
0
0
0
0
0
0
0
0
0
0
0
0
0
0
0
0
0
0
0
0
0
0
0
0
0
0
0
0
0
0
0
0
0
0
0
0
0
0
0
0
0
0
0
0
0
0
0
0
0
0
0
0
0
0
0
0
0
0
0
0
0
0
0
0
0
0
0
20
20
0
19
