# Troff ASCII font table - palatino bold
# Copyright 1986 - MIPS Computer Systems
# $Header: ftPB,v 1.1.2.1 89/11/26 14:10:08 wje Exp $
12
14
0
0
18
27
30
12
14
14
15
27
12
15
10
13
146
146
146
146
146
146
146
146
146
146
14
15
0
27
0
21
0
156
150
153
157
149
148
156
158
142
142
156
150
164
158
157
150
221
154
148
153
156
156
164
153
153
151
13
0
13
0
0
12
18
148
16
150
18
142
84
150
140
204
150
140
32
22
20
86
84
15
16
141
22
21
31
19
85
18
0
2
0
0
6
15
27
27
36
18
32
32
32
27
23
23
25
34
34
15
21
0
9
0
0
0
0
3
0
0
0
0
0
0
0
0
0
0
0
0
0
0
0
0
0
0
0
0
0
0
0
0
0
0
0
0
0
0
0
0
0
0
0
0
0
0
0
0
0
0
0
0
0
0
0
0
0
0
0
0
0
0
0
0
0
0
0
0
0
0
0
0
0
0
0
0
0
0
20
20
0
18
