# Troff ASCII font table - palatino italic
# Copyright 1986 - MIPS Computer Systems
# $Header: ftPI,v 1.1.2.1 89/11/26 14:10:14 wje Exp $
12
9
0
0
18
28
27
9
13
13
19
27
9
14
9
12
146
146
146
146
146
146
146
146
146
146
9
9
0
27
0
14
0
155
149
152
155
148
146
154
155
140
140
153
148
164
156
155
148
219
153
145
150
156
155
163
154
153
150
14
0
14
0
0
9
17
144
15
146
15
140
80
146
140
204
144
139
28
20
16
82
80
14
14
139
19
18
26
18
83
16
0
2
0
0
6
14
27
27
36
18
28
28
28
27
20
20
20
29
29
14
20
0
10
0
0
0
0
3
0
0
0
0
0
0
0
0
0
0
0
0
0
0
0
0
0
0
0
0
0
0
0
0
0
0
0
0
0
0
0
0
0
0
0
0
0
0
0
0
0
0
0
0
0
0
0
0
0
0
0
0
0
0
0
0
0
0
0
0
0
0
0
0
0
0
0
0
0
0
20
20
0
18
