# Troff ASCII font table - times roman
# Copyright 1986 - MIPS Computer Systems
# $Header: ftR,v 1.1.2.1 89/11/26 14:10:19 wje Exp $
12
12
18
24
22
27
28
12
16
16
19
28
12
14
12
24
150
150
150
150
150
150
150
150
150
150
12
12
27
28
27
20
30
152
154
153
154
153
152
155
157
141
146
154
150
158
155
154
154
218
154
152
150
157
152
157
152
153
152
16
24
16
24
0
12
22
152
22
152
22
142
86
152
140
204
152
140
37
24
22
88
86
19
19
145
24
20
27
22
86
20
16
9
16
27
6
14
9
9
28
14
24
24
24
28
24
24
26
37
37
16
18
0
9
0
0
0
0
3
0
0
0
0
0
0
0
0
0
0
0
0
0
0
0
0
0
0
0
0
0
0
0
0
0
0
0
0
0
0
0
0
0
0
0
0
0
0
0
0
0
0
0
0
0
0
0
0
0
0
0
0
0
0
0
0
0
0
0
0
0
0
0
0
0
0
0
0
0
0
0
22
22
0
22
