# Troff ASCII font table - special font
# Copyright 1986 - MIPS Computer Systems
# $Header: ftS,v 1.1.2.1 89/11/26 14:10:25 wje Exp $
0
0
18
23
0
0
0
0
0
0
0
0
0
0
0
0
0
0
0
0
0
0
0
0
0
0
0
0
27
0
27
0
30
0
0
0
0
0
0
0
0
0
0
0
0
0
0
0
0
0
0
0
0
0
0
0
0
0
0
0
23
0
25
18
0
0
0
0
0
0
0
0
0
0
0
0
0
0
0
0
0
0
0
0
0
0
0
0
0
0
0
16
0
16
27
0
0
0
0
0
0
0
0
0
0
0
0
0
0
0
0
0
18
0
13
13
29
31
0
0
26
215
86
150
21
213
89
154
13
22
150
90
22
211
21
25
86
23
22
22
89
85
218
26
150
151
154
151
218
157
153
0
150
153
155
154
36
85
18
27
27
30
29
27
27
30
30
30
18
18
29
25
30
27
27
27
27
27
27
27
29
22
150
30
27
29
25
27
29
0
0
0
0
18
0
27
19
25
9
25
5
5
9
9
5
9
5
5
8
5
8
