# Troff ASCII font table - stymie bold
# Copyright 1986 - MIPS Computer Systems
# $Header: ftSB,v 1.1.2.1 89/11/26 14:10:30 wje Exp $
12
13
0
0
25
32
29
9
15
15
13
27
9
13
9
17
153
153
153
153
153
153
153
153
153
153
13
13
0
27
0
25
0
158
154
155
156
153
152
156
158
142
145
157
151
163
158
157
152
221
155
152
154
158
157
168
158
157
153
13
0
13
0
0
9
18
149
18
149
19
141
85
150
139
202
149
139
30
22
19
85
85
14
16
140
22
22
29
22
86
19
0
2
0
0
6
13
27
27
36
18
32
32
32
27
24
24
26
37
37
14
20
0
10
0
0
0
0
3
0
0
0
0
0
0
0
0
0
0
0
0
0
0
0
0
0
0
0
0
0
0
0
0
0
0
0
0
0
0
0
0
0
0
0
0
0
0
0
0
0
0
0
0
0
0
0
0
0
0
0
0
0
0
0
0
0
0
0
0
0
0
0
0
0
0
0
0
0
0
20
20
0
25
