# Troff ASCII font table - Unknown
# Copyright 1986 - MIPS Computer Systems
# $Header: ftsb,v 1.1.2.1 89/11/26 14:15:03 wje Exp $
12
13
0
0
18
28
27
12
16
16
18
36
12
14
12
18
147
147
147
147
147
147
147
147
147
147
13
13
0
36
0
22
0
156
154
154
157
153
151
156
160
144
149
156
153
164
158
157
153
221
156
151
153
157
155
164
155
156
155
12
0
12
0
0
12
19
147
16
147
17
141
82
150
140
204
151
140
32
22
18
84
83
15
17
141
21
19
27
21
83
17
0
2
0
0
6
14
27
27
36
18
28
28
28
36
22
22
23
33
33
15
20
0
9
0
0
0
0
3
0
0
0
0
0
0
0
0
0
0
0
0
0
0
0
0
0
0
0
0
0
0
0
0
0
0
0
0
0
0
0
0
0
0
0
0
0
0
0
0
0
0
0
0
0
0
0
0
0
0
0
0
0
0
0
0
0
0
0
0
0
0
0
0
0
0
0
0
0
0
20
20
0
19
