# Troff ASCII font table - Standard bold
# Copyright 1986 - MIPS Computer Systems
# $Header: ftSb,v 1.1.2.1 89/11/26 14:10:47 wje Exp $
17
9
0
0
18
29
31
10
13
13
16
22
10
14
10
18
149
149
149
149
149
149
149
149
149
149
10
10
0
22
0
17
0
157
151
154
157
152
151
156
157
142
146
157
153
165
158
156
151
221
154
150
155
157
158
168
158
157
154
13
0
13
0
0
10
20
150
18
150
18
147
84
152
142
205
152
142
35
24
20
86
86
19
16
144
22
24
34
22
89
18
0
4
0
0
8
14
21
25
36
19
34
32
35
36
24
24
29
35
35
11
17
0
6
0
0
0
0
4
0
0
0
0
0
0
0
0
0
0
0
0
0
0
0
0
0
0
0
0
0
0
0
0
0
0
0
0
0
0
0
0
0
0
0
0
0
0
0
0
0
0
0
0
0
0
0
0
0
0
0
0
0
0
0
0
0
0
0
0
0
0
0
0
0
0
0
0
0
0
18
17
0
19
