# Troff ASCII font table - stymie medium italic
# Copyright 1986 - MIPS Computer Systems
# $Header: ftSI,v 1.1.2.1 89/11/26 14:10:36 wje Exp $
12
11
0
0
18
30
26
8
12
12
17
27
8
11
7
7
146
146
146
146
146
146
146
146
146
146
11
11
0
27
0
22
0
153
151
152
153
152
151
154
155
139
139
153
149
158
155
154
149
218
152
149
150
153
153
161
153
153
152
12
0
12
0
0
8
16
147
17
146
18
139
83
147
138
202
146
138
28
19
18
83
83
12
14
138
19
18
27
18
82
16
0
2
0
0
6
11
27
27
36
18
29
29
29
27
19
19
20
28
28
17
19
0
8
0
0
0
0
3
0
0
0
0
0
0
0
0
0
0
0
0
0
0
0
0
0
0
0
0
0
0
0
0
0
0
0
0
0
0
0
0
0
0
0
0
0
0
0
0
0
0
0
0
0
0
0
0
0
0
0
0
0
0
0
0
0
0
0
0
0
0
0
0
0
0
0
0
0
0
19
19
0
18
