# Troff ASCII font table - Standard italics
# Copyright 1986 - MIPS Computer Systems
# $Header: ftSi,v 1.1.2.1 89/11/26 14:10:53 wje Exp $
17
12
0
0
18
29
27
10
14
14
15
21
10
13
10
20
148
148
148
148
148
148
148
148
148
148
12
12
0
21
0
17
0
157
154
153
157
151
154
155
159
145
148
158
154
164
159
154
151
217
154
148
150
154
154
163
157
152
153
19
0
19
0
0
10
19
146
17
150
16
144
84
150
140
207
149
139
29
22
17
84
82
17
16
141
19
19
27
21
83
18
0
4
0
0
8
13
21
25
35
17
30
30
33
35
22
24
23
29
32
15
17
0
10
0
0
0
0
4
0
0
0
0
0
0
0
0
0
0
0
0
0
0
0
0
0
0
0
0
0
0
0
0
0
0
0
0
0
0
0
0
0
0
0
0
0
0
0
0
0
0
0
0
0
0
0
0
0
0
0
0
0
0
0
0
0
0
0
0
0
0
0
0
0
0
0
0
0
0
18
17
0
18
