# Troff ASCII font table - Unknown
# Copyright 1986 - MIPS Computer Systems
# $Header: ftsi,v 1.1.2.1 89/11/26 14:15:25 wje Exp $
12
13
0
0
19
27
26
11
15
15
16
36
11
13
11
9
147
147
147
147
147
147
147
147
147
147
11
11
0
36
0
20
0
153
152
154
155
151
149
155
157
142
144
156
152
162
155
155
150
219
155
148
151
156
153
164
152
152
153
13
0
13
0
0
11
19
146
15
146
16
139
81
147
137
201
147
137
28
19
18
81
82
13
14
138
19
16
24
18
80
14
0
2
0
0
6
13
27
27
36
18
27
27
27
36
21
21
21
31
31
15
19
0
7
0
0
0
0
3
0
0
0
0
0
0
0
0
0
0
0
0
0
0
0
0
0
0
0
0
0
0
0
0
0
0
0
0
0
0
0
0
0
0
0
0
0
0
0
0
0
0
0
0
0
0
0
0
0
0
0
0
0
0
0
0
0
0
0
0
0
0
0
0
0
0
0
0
0
0
20
20
0
19
