# Troff ASCII font table - Seal
# Copyright 1986 - MIPS Computer Systems
# $Header: ftsl,v 1.1.2.1 89/11/26 14:15:30 wje Exp $
12
12
18
23
23
27
29
12
16
16
19
29
12
17
12
25
215
215
215
215
215
215
215
215
215
215
12
12
27
29
27
21
31
215
218
217
218
217
215
219
221
205
210
218
214
222
219
218
218
218
218
215
215
221
215
221
215
217
215
16
19
16
25
29
12
87
215
86
215
86
206
86
217
204
204
215
204
99
89
87
87
87
83
83
209
89
85
91
87
86
85
16
9
16
27
6
17
9
9
31
21
25
25
25
27
25
25
26
35
35
16
18
0
9
0
0
0
0
3
0
0
0
0
0
0
0
0
0
0
0
0
0
0
0
0
0
0
0
0
0
0
0
0
0
0
0
0
0
0
0
0
0
0
0
0
0
0
0
0
0
0
0
0
0
0
0
0
0
0
0
0
0
0
0
0
0
0
0
0
0
0
0
0
0
0
0
0
0
0
0
22
22
0
22
