# Troff ASCII font table - stymie medium
# Copyright 1986 - MIPS Computer Systems
# $Header: ftSM,v 1.1.2.1 89/11/26 14:10:42 wje Exp $
12
11
0
0
24
22
26
9
13
13
13
27
9
11
9
15
152
152
152
152
152
152
152
152
152
152
11
11
0
27
0
22
0
155
150
153
153
148
148
155
155
140
142
153
148
158
154
155
148
219
151
146
149
154
153
160
154
153
149
14
0
14
0
0
9
18
149
18
149
19
139
85
149
138
202
148
138
30
21
19
85
85
14
15
139
21
20
27
21
84
18
0
2
0
0
6
11
27
27
36
18
31
31
31
27
21
21
22
32
32
15
19
0
9
0
0
0
0
3
0
0
0
0
0
0
0
0
0
0
0
0
0
0
0
0
0
0
0
0
0
0
0
0
0
0
0
0
0
0
0
0
0
0
0
0
0
0
0
0
0
0
0
0
0
0
0
0
0
0
0
0
0
0
0
0
0
0
0
0
0
0
0
0
0
0
0
0
0
0
22
22
0
24
