# Troff ASCII font table - Unknown
# Copyright 1986 - MIPS Computer Systems
# $Header: ftsr,v 1.1.2.1 89/11/26 14:15:36 wje Exp $
12
12
0
0
19
29
28
12
16
16
16
36
12
13
10
17
147
147
147
147
147
147
147
147
147
147
10
12
0
36
0
20
0
157
151
154
158
152
151
158
157
141
144
156
152
163
157
155
150
219
155
148
152
157
155
164
156
155
151
14
0
14
0
0
12
17
148
16
148
18
141
82
149
138
201
148
138
32
21
20
83
83
14
15
140
21
20
26
20
82
17
0
2
0
0
6
13
27
27
36
18
29
29
29
36
21
21
24
32
32
15
20
0
8
0
0
0
0
3
0
0
0
0
0
0
0
0
0
0
0
0
0
0
0
0
0
0
0
0
0
0
0
0
0
0
0
0
0
0
0
0
0
0
0
0
0
0
0
0
0
0
0
0
0
0
0
0
0
0
0
0
0
0
0
0
0
0
0
0
0
0
0
0
0
0
0
0
0
0
20
20
0
19
