# Troff ASCII font table - Standard Roman
# Copyright 1986 - MIPS Computer Systems
# $Header: ftSr,v 1.1.2.1 89/11/26 14:10:58 wje Exp $
21
10
0
0
17
29
30
10
16
16
16
22
10
16
10
17
149
149
149
149
149
149
149
149
149
149
10
10
0
22
0
16
0
157
151
154
156
151
150
155
157
141
144
157
152
163
157
155
150
219
153
148
153
157
157
168
157
155
152
12
0
12
0
0
10
18
149
16
150
16
144
82
150
139
204
150
141
33
22
19
85
85
16
16
143
22
22
32
21
87
17
0
6
0
0
10
16
22
26
35
17
29
30
31
35
22
22
26
31
31
12
18
0
8
0
0
0
0
5
0
0
0
0
0
0
0
0
0
0
0
0
0
0
0
0
0
0
0
0
0
0
0
0
0
0
0
0
0
0
0
0
0
0
0
0
0
0
0
0
0
0
0
0
0
0
0
0
0
0
0
0
0
0
0
0
0
0
0
0
0
0
0
0
0
0
0
0
0
0
19
18
0
18
