# Troff ASCII font table - Times bold
# Copyright 1986 - MIPS Computer Systems
# $Header: fttb,v 1.1.2.1 89/11/26 14:16:04 wje Exp $
12
12
0
0
18
36
30
12
12
12
18
0
12
12
12
10
146
146
146
146
146
146
146
146
146
146
12
12
0
0
0
18
0
154
153
218
154
153
150
221
157
142
210
157
153
162
218
221
150
221
154
147
153
218
218
164
154
154
153
12
0
12
0
0
12
18
147
16
147
16
140
82
147
138
204
147
138
30
19
18
83
83
16
14
140
19
18
26
18
82
16
0
0
0
0
6
12
0
0
36
0
0
0
0
0
0
0
0
0
0
0
18
0
0
0
0
0
0
3
