# Troff ASCII font table - Times italics
# Copyright 1986 - MIPS Computer Systems
# $Header: ftti,v 1.1.2.1 89/11/26 14:16:10 wje Exp $
12
12
0
0
18
30
29
12
12
12
18
0
12
12
12
10
146
146
146
146
146
146
146
146
146
210
12
12
0
0
0
18
0
150
150
217
154
150
150
218
154
140
208
153
147
158
217
218
150
218
150
210
147
218
214
222
150
147
147
14
0
14
0
0
12
18
146
16
146
16
202
82
146
138
202
144
138
26
18
18
82
82
14
14
138
18
16
25
16
80
14
0
0
0
0
6
12
0
0
32
0
0
0
0
0
0
0
0
0
0
0
18
0
0
0
0
0
0
3
