# Troff ASCII font table - Otimes italics
# Copyright 1986 - MIPS Computer Systems
# $Header: fttI,v 1.1.2.1 89/11/26 14:15:47 wje Exp $
12
13
14
18
19
19
29
9
13
13
22
17
9
12
8
26
82
82
82
82
82
82
82
82
82
82
9
10
18
21
18
17
26
90
89
86
90
89
90
89
95
81
85
93
86
98
91
87
90
87
89
85
87
90
87
99
91
90
89
13
17
13
18
16
9
83
82
81
85
81
81
86
83
76
83
83
77
95
83
82
85
83
78
78
77
85
82
90
85
83
82
14
9
14
21
6
12
21
26
25
0
21
21
21
19
23
25
27
34
34
14
19
0
12
0
0
0
0
3
0
0
0
0
0
0
0
0
0
0
0
0
0
0
0
0
0
0
0
0
0
0
0
0
0
0
0
0
0
0
0
0
0
0
0
0
0
0
0
0
0
0
0
0
0
0
0
0
0
0
0
0
0
0
0
0
0
0
0
0
0
0
0
0
0
0
0
0
0
0
0
21
21
0
16
