# Troff ASCII font table - Times Roman
# Copyright 1986 - MIPS Computer Systems
# $Header: fttr,v 1.1.2.1 89/11/26 14:16:18 wje Exp $
12
12
13
29
18
32
29
10
14
14
18
31
12
12
12
10
146
146
146
146
146
146
210
146
210
210
10
10
31
31
31
16
34
158
151
154
155
153
149
158
158
141
206
155
151
162
155
157
149
221
155
210
151
221
219
227
155
155
154
12
10
12
12
18
10
17
146
16
147
17
140
81
147
138
202
147
137
30
19
18
82
83
13
13
140
19
17
26
17
81
16
12
5
12
12
6
12
18
18
36
18
21
21
21
0
0
0
0
0
0
13
18
0
13
0
0
0
0
3
0
0
0
0
0
0
0
0
0
0
0
0
0
0
0
0
0
0
0
0
0
0
0
0
0
0
0
0
0
0
0
0
0
0
0
0
0
0
0
0
0
0
0
0
0
0
0
0
0
0
0
0
0
0
0
0
0
0
0
0
0
0
0
0
0
0
0
0
0
0
0
19
19
0
23
