# Troff ASCII font table - Otimes Roman
# Copyright 1986 - MIPS Computer Systems
# $Header: fttR,v 1.1.2.1 89/11/26 14:15:53 wje Exp $
12
9
14
17
17
19
25
9
10
10
22
17
8
12
8
17
81
81
81
81
81
81
81
81
81
81
9
9
16
16
16
14
26
89
87
87
91
87
85
89
90
78
82
90
85
94
91
87
86
87
89
82
89
89
89
96
90
90
85
13
17
13
18
16
9
81
83
80
82
80
78
83
83
74
74
83
74
91
82
81
82
82
80
78
78
85
82
89
82
82
80
14
8
14
21
6
12
21
21
25
0
21
21
21
19
21
22
23
31
31
14
18
0
8
0
0
0
0
3
0
0
0
0
0
0
0
0
0
0
0
0
0
0
0
0
0
0
0
0
0
0
0
0
0
0
0
0
0
0
0
0
0
0
0
0
0
0
0
0
0
0
0
0
0
0
0
0
0
0
0
0
0
0
0
0
0
0
0
0
0
0
0
0
0
0
0
0
0
0
0
21
21
0
16
