# Troff ASCII font table - Times standard
# Copyright 1986 - MIPS Computer Systems
# $Header: ftts,v 1.1.2.1 89/11/26 14:16:24 wje Exp $
12
0
13
29
0
0
0
12
26
0
31
31
0
31
0
31
31
31
31
159
19
19
141
141
0
146
0
0
31
31
31
0
34
0
0
151
154
0
0
0
218
0
0
155
0
0
222
0
153
0
153
0
0
158
0
159
155
208
192
30
10
31
12
18
12
23
215
85
146
17
209
87
210
13
21
149
90
82
209
18
90
82
23
81
18
218
85
215
26
210
223
12
10
12
12
6
31
36
31
18
30
17
17
17
35
26
30
26
31
31
36
17
0
18
0
0
0
0
3
0
0
0
0
0
0
0
0
0
0
0
0
0
0
0
0
0
0
0
0
0
0
0
0
0
0
0
0
0
0
0
0
0
0
0
0
0
0
0
0
0
0
0
0
0
0
0
0
0
0
0
0
0
0
0
0
0
0
0
0
0
0
0
0
0
0
0
0
0
0
0
17
10
0
17
