# Troff ASCII font table - Otimes standard
# Copyright 1986 - MIPS Computer Systems
# $Header: fttS,v 1.1.2.1 89/11/26 14:15:59 wje Exp $
12
18
19
18
13
18
23
18
19
19
23
21
17
17
22
19
86
81
90
85
85
81
85
85
87
87
23
23
23
25
18
18
16
80
83
0
87
0
87
85
0
0
85
0
86
0
0
0
90
86
0
85
0
86
0
86
87
91
0
0
16
16
0
0
0
83
82
85
78
77
85
85
81
74
86
80
81
82
78
81
85
80
82
82
82
80
77
86
78
87
81
0
0
0
0
6
17
0
0
0
0
23
23
23
0
0
0
0
0
0
19
17
0
19
0
0
0
0
3
0
0
0
0
0
0
0
0
0
0
0
0
0
0
0
0
0
0
0
0
0
0
0
0
0
0
0
0
0
0
0
0
0
0
0
0
0
0
0
0
0
0
0
0
0
0
0
0
0
0
0
0
0
0
0
0
0
0
0
0
0
0
0
0
0
0
0
0
0
0
0
23
21
0
23
