# Troff ASCII font table - Unknown
# Copyright 1986 - MIPS Computer Systems
# $Header: ftTS,v 1.1.2.1 89/11/26 14:11:21 wje Exp $
0
0
13
29
0
0
0
0
0
0
0
0
0
0
0
0
0
0
0
0
0
0
0
0
0
0
0
0
36
0
36
0
36
0
0
0
0
0
0
0
0
0
0
0
0
0
0
0
0
0
0
0
0
0
0
0
0
0
0
0
15
0
15
18
0
0
0
0
0
0
0
0
0
0
0
0
0
0
0
0
0
0
0
0
0
0
0
0
0
0
0
14
0
14
15
0
0
0
0
0
0
0
0
0
0
0
0
0
0
0
0
0
17
0
10
10
18
15
0
0
24
215
87
147
18
210
87
147
13
21
150
89
20
212
20
27
85
27
20
21
217
86
216
25
152
154
156
156
155
157
153
0
156
157
160
164
30
82
18
36
36
36
27
36
36
36
36
36
18
18
27
27
27
36
36
36
36
36
36
36
34
21
164
22
24
27
28
27
27
0
0
0
0
17
42
42
16
41
9
27
9
9
9
9
9
9
9
9
9
9
9
