# Troff ASCII font table - futura demibold
# Copyright 1986 - MIPS Computer Systems
# $Header: ftUD,v 1.1.2.1 89/11/26 14:11:27 wje Exp $
12
11
0
16
21
28
25
10
14
14
13
27
9
14
9
15
149
149
149
149
149
149
149
149
149
149
11
11
0
27
0
20
0
152
147
150
149
147
144
154
152
140
145
149
142
157
154
154
147
219
147
146
144
152
150
161
150
148
150
12
0
12
0
0
10
20
148
14
148
18
139
84
147
137
201
146
137
29
19
18
84
84
12
15
138
19
18
28
18
82
16
0
5
0
0
6
14
27
27
36
18
28
28
28
27
18
18
19
27
27
14
29
0
9
0
0
0
0
3
0
0
0
0
0
0
0
0
0
0
0
0
0
0
0
0
0
0
0
0
0
0
0
0
0
0
0
0
0
0
0
0
0
0
0
0
0
0
0
0
0
0
0
0
0
0
0
0
0
0
0
0
0
0
0
0
0
0
0
0
0
0
0
0
0
0
0
0
0
0
16
16
0
21
